        [[3, 3, 3, 3, 3, 3, 3, 3, 3, 3, 3, 3, 3, 3, 3, 3, 3, 3, 3, 3, 3, 3, 3, 3, 3, 3, 3, 3, 3, 3, 3, 3, 3, 3, 3],
         [3, 8, 8, 8, 8, 8, 8, 8, 8, 8, 8, 8, 8, 8, 8, 8, 8, 8, 8, 8, 8, 8, 8, 8, 8, 8, 8, 8, 8, 8, 8, 8, 8, 8, 3],
         [3, 8, 8,13,13, 8, 8, 8,13,13, 8, 8, 8, 8,13,13,13, 8, 8,13, 8, 8, 8, 8,13, 8, 8,13, 8,13,13,13,13, 8, 3],
         [3, 8,13, 8, 8, 8, 8,13, 8, 8,13, 8, 8, 8,13, 8, 8,13, 8,13, 8, 8, 8, 8,13, 8, 8,13, 8,13, 8, 8, 8, 8, 3],
         [3, 8,13, 8,13,13, 8,13, 8, 8,13, 8, 8, 8,13,13,13, 8, 8,13, 8, 8, 8, 8,13, 8, 8,13, 8,13,13,13, 8, 8, 3],
         [3, 8,13, 8, 8,13, 8,13, 8, 8,13, 8, 8, 8,13, 8, 8,13, 8,13, 8, 8, 8, 8,13, 8, 8,13, 8,13, 8, 8, 8, 8, 3],
         [3, 8, 8,13,13, 8, 8, 8,13,13, 8, 8, 8, 8,13,13,13, 8, 8,13,13,13,13, 8,13,13,13,13, 8,13,13,13,13, 8, 3],
         [3, 8, 8, 8, 8, 8, 8, 8, 8, 8, 8, 8, 8, 8, 8, 8, 8, 8, 8, 8, 8, 8, 8, 8, 8, 8, 8, 8, 8, 8, 8, 8, 8, 8, 3],
         [3, 8, 8, 8, 8, 8,13,13,13,13,13,13,13, 8, 8, 8, 8, 8, 8, 8, 8, 8,13,13,13,13,13,13,13, 8, 8, 8, 8, 8, 3],
         [3, 8, 8, 8, 8, 8,13,13,13,13,13,13,13,13, 8, 8, 8, 8, 8, 8, 8,13,13,13,13,13,13,13,13, 8, 8, 8, 8, 8, 3],
         [3, 8, 8, 8, 8, 8,13,13,13,13,13,13,13,13,13, 8, 8, 8, 8, 8,13,13,13,13,13,13,13,13,13, 8, 8, 8, 8, 8, 3],
         [3, 8, 8, 8, 8, 8,13,13,13,13,13,13,13,13,13, 8, 8, 8, 8, 8,13,13,13,13,13,13,13,13,13, 8, 8, 8, 8, 8, 3],
         [3, 8, 8, 8, 8, 8,13,13,13,13,13,13,13,13,13,13, 8, 8, 8,13,13,13,13,13,13,13,13,13,13, 8, 8, 8, 8, 8, 3],
         [3, 8, 8, 8, 8, 8, 8, 8,13,13,13,13,13,13,13,13,13, 8,13,13,13,13,13,13,13,13,13, 8, 8, 8, 8, 8, 8, 8, 3],
         [3, 8, 8, 8, 8, 8, 8, 8,13,13,13,13,13,13,13,13,13,13,13,13,13,13,13,13,13,13,13, 8, 8, 8, 8, 8, 8, 8, 3],
         [3, 8, 8, 8, 8, 8, 8, 8,13,13,13,13,13,13,13,13,13,13,13,13,13,13,13,13,13,13,13, 8, 8, 8, 8, 8, 8, 8, 3],
         [3, 8, 8, 8, 8, 8, 8, 8,13,13,13,13,13, 8,13,13,13,13,13,13,13, 8,13,13,13,13,13, 8, 8, 8, 8, 8, 8, 8, 3],
         [3, 8, 8, 8, 8, 8, 8, 8,13,13,13,13,13, 8, 8,13,13,13,13,13, 8, 8,13,13,13,13,13, 8, 8, 8, 8, 8, 8, 8, 3],
         [3, 8, 8, 8, 8, 8, 8, 8,13,13,13,13,13, 8, 8, 8,13,13,13, 8, 8, 8,13,13,13,13,13, 8, 8, 8, 8, 8, 8, 8, 3],
         [3, 8, 8, 8, 8, 8, 8, 8,13,13,13,13,13, 8, 8, 8, 8,13, 8, 8, 8, 8,13,13,13,13,13, 8, 8, 8, 8, 8, 8, 8, 3],
         [3, 8, 8, 8, 8, 8,13,13,13,13,13,13,13,13,13, 8, 8, 8, 8, 8,13,13,13,13,13,13,13,13,13, 8, 8, 8, 8, 8, 3],
         [3, 8, 8, 8, 8, 8,13,13,13,13,13,13,13,13,13, 8, 8, 8, 8, 8,13,13,13,13,13,13,13,13,13, 8, 8, 8, 8, 8, 3],
         [3, 8, 8, 8, 8, 8,13,13,13,13,13,13,13,13,13, 8, 8, 8, 8, 8,13,13,13,13,13,13,13,13,13, 8, 8, 8, 8, 8, 3],
         [3, 8, 8, 8, 8, 8,13,13,13,13,13,13,13,13,13, 8, 8, 8, 8, 8,13,13,13,13,13,13,13,13,13, 8, 8, 8, 8, 8, 3],
         [3, 8, 8, 8, 8, 8, 8, 8, 8, 8, 8, 8, 8, 8, 8, 8, 8, 8, 8, 8, 8, 8, 8, 8, 8, 8, 8, 8, 8, 8, 8, 8, 8, 8, 3],
         [3, 3, 3, 3, 3, 3, 3, 3, 3, 3, 3, 3, 3, 3, 3, 3, 3, 3, 3, 3, 3, 3, 3, 3, 3, 3, 3, 3, 3, 3, 3, 3, 3, 3, 3]];
